0 0.1321614533662796 0.0243055559694767 0.01953125 0.0486111119389534
0 0.1608072966337204 0.02777777798473835 0.01953125 0.0555555559694767
0 0.1875 0.02777777798473835 0.01822916604578495 0.0555555559694767
0 0.2135416716337204 0.026620371267199516 0.01822916604578495 0.05324074253439903
0 0.2415364533662796 0.021990740671753883 0.01692708395421505 0.04398148134350777
0 0.2662760317325592 0.02777777798473835 0.01692708395421505 0.0555555559694767
0 0.2936197817325592 0.030092593282461166 0.01692708395421505 0.06018518656492233
0 0.322265625 0.02777777798473835 0.01692708395421505 0.0555555559694767
0 0.4108072817325592 0.03356481343507767 0.01692708395421505 0.06712962687015533
0 0.4381510317325592 0.028935184702277184 0.01692708395421505 0.05787036940455437
0 0.4680989682674408 0.02777777798473835 0.01692708395421505 0.0555555559694767
0 0.494140625 0.030092593282461166 0.01692708395421505 0.06018518656492233
0 0.5885416865348816 0.06712962687015533 0.01822916604578495 0.13425925374031067
0 0.6419270634651184 0.02777777798473835 0.01822916604578495 0.0555555559694767
0 0.6692708134651184 0.0243055559694767 0.02083333395421505 0.0486111119389534
0 0.6966145634651184 0.018518518656492233 0.01822916604578495 0.03703703731298447
0 0.7239583134651184 0.026620371267199516 0.01822916604578495 0.05324074253439903
0 0.748046875 0.02083333395421505 0.01692708395421505 0.0416666679084301
0 0.7779948115348816 0.023148147389292717 0.02213541604578495 0.046296294778585434
0 0.7766926884651184 0.09606481343507767 0.01953125 0.08101851493120193
0 0.75 0.09375 0.01822916604578495 0.0763888880610466
0 0.7213541865348816 0.10185185074806213 0.01822916604578495 0.07407407462596893
0 0.6673176884651184 0.16782407462596893 0.0377604179084301 0.0763888880610466
0 0.6419270634651184 0.06712962687015533 0.01822916604578495 0.13425925374031067
0 0.61328125 0.10532407462596893 0.015625 0.0763888880610466
0 0.587890625 0.07060185074806213 0.01953125 0.14120370149612427
0 0.552734375 0.1006944477558136 0.01692708395421505 0.07175926119089127
0 0.5208333134651184 0.10648148506879807 0.015625 0.07407407462596893
0 0.4934895932674408 0.10648148506879807 0.01822916604578495 0.08796296268701553
0 0.466796875 0.1041666641831398 0.01692708395421505 0.07407407462596893
0 0.4368489682674408 0.10995370149612427 0.01953125 0.08101851493120193
0 0.4095052182674408 0.07175926119089127 0.01692708395421505 0.14351852238178253
0 0.380859375 0.10648148506879807 0.01953125 0.07870370149612427
0 0.3209635317325592 0.1006944477558136 0.01692708395421505 0.07175926119089127
0 0.2942708432674408 0.10532407462596893 0.01822916604578495 0.0763888880610466
0 0.267578125 0.10185185074806213 0.01692708395421505 0.0694444477558136
0 0.2395833283662796 0.10300926119089127 0.01822916604578495 0.0763888880610466
0 0.2135416716337204 0.10532407462596893 0.01822916604578495 0.07175926119089127
0 0.1875 0.0972222238779068 0.015625 0.06481481343507767
0 0.1608072966337204 0.10185185074806213 0.01692708395421505 0.0694444477558136
0 0.1321614533662796 0.09143518656492233 0.01953125 0.0902777761220932
0 0.1315104216337204 0.31712964177131653 0.01822916604578495 0.07407407462596893
0 0.158203125 0.3194444477558136 0.01953125 0.07870370149612427
0 0.18359375 0.31365740299224854 0.01822916604578495 0.0902777761220932
0 0.2141927033662796 0.32060185074806213 0.01692708395421505 0.08101851493120193
0 0.2408854216337204 0.3263888955116272 0.01822916604578495 0.07407407462596893
0 0.267578125 0.3125 0.01692708395421505 0.07870370149612427
0 0.29296875 0.31712964177131653 0.01822916604578495 0.07870370149612427
0 0.322265625 0.3159722089767456 0.01692708395421505 0.08101851493120193
0 0.3600260317325592 0.35300925374031067 0.01692708395421505 0.1597222238779068
0 0.3834635317325592 0.31712964177131653 0.01692708395421505 0.0833333358168602
0 0.4108072817325592 0.34953704476356506 0.01953125 0.17129629850387573
0 0.4375 0.32407405972480774 0.01822916604578495 0.12037037312984467
0 0.466796875 0.31134259700775146 0.01692708395421505 0.08101851493120193
0 0.494140625 0.31018519401550293 0.01692708395421505 0.0833333358168602
0 0.5221354365348816 0.3229166567325592 0.01822916604578495 0.08101851493120193
0 0.5475260615348816 0.3541666567325592 0.01692708395421505 0.15740740299224854
0 0.58984375 0.31712964177131653 0.01822916604578495 0.07870370149612427
0 0.6158854365348816 0.31481480598449707 0.015625 0.0833333358168602
0 0.642578125 0.31712964177131653 0.01953125 0.08796296268701553
0 0.6673176884651184 0.30671295523643494 0.01953125 0.08564814925193787
0 0.6940104365348816 0.3159722089767456 0.01822916604578495 0.08101851493120193
0 0.7252604365348816 0.30671295523643494 0.01822916604578495 0.08101851493120193
0 0.7506510615348816 0.32175925374031067 0.01692708395421505 0.07407407462596893
0 0.7688801884651184 0.22800925374031067 0.0455729179084301 0.05324074253439903
0 0.779296875 0.3159722089767456 0.01692708395421505 0.08564814925193787
0 0.943359375 0.31134259700775146 0.02213541604578495 0.08564814925193787
0 0.97265625 0.3958333432674408 0.0234375 0.07870370149612427
0 0.9427083134651184 0.35300925374031067 0.02083333395421505 0.16435185074806213
0 0.9205729365348816 0.3541666567325592 0.0677083358168602 0.18981482088565826
0 0.7779948115348816 0.40393519401550293 0.01953125 0.08101851493120193
0 0.7493489384651184 0.40509259700775146 0.01953125 0.07870370149612427
0 0.720703125 0.40856480598449707 0.01692708395421505 0.0763888880610466
0 0.6946614384651184 0.4027777910232544 0.01692708395421505 0.07870370149612427
0 0.6705729365348816 0.40393519401550293 0.01822916604578495 0.07175926119089127
0 0.6451823115348816 0.37384259700775146 0.02213541604578495 0.1736111044883728
0 0.615234375 0.3645833432674408 0.01692708395421505 0.16435185074806213
0 0.5885416865348816 0.36226850748062134 0.01822916604578495 0.15046297013759613
0 0.548828125 0.36226850748062134 0.01692708395421505 0.16435185074806213
0 0.521484375 0.36689814925193787 0.01692708395421505 0.15046297013759613
0 0.4928385317325592 0.35995370149612427 0.01692708395421505 0.1736111044883728
0 0.4661458432674408 0.35995370149612427 0.01822916604578495 0.1736111044883728
0 0.4375 0.35532405972480774 0.01822916604578495 0.16898147761821747
0 0.4114583432674408 0.3576388955116272 0.015625 0.16435185074806213
0 0.3580729067325592 0.4027777910232544 0.01822916604578495 0.07407407462596893
0 0.318359375 0.40393519401550293 0.01692708395421505 0.0763888880610466
0 0.2923177182674408 0.40625 0.01953125 0.0763888880610466
0 0.2643229067325592 0.40509259700775146 0.01822916604578495 0.07407407462596893
0 0.2369791716337204 0.37384259700775146 0.01822916604578495 0.15509259700775146
0 0.2109375 0.3680555522441864 0.02083333395421505 0.15740740299224854
0 0.18359375 0.36342594027519226 0.02083333395421505 0.1805555522441864
0 0.15625 0.41435185074806213 0.01822916604578495 0.07870370149612427
0 0.1328125 0.40625 0.02083333395421505 0.07175926119089127
0 0.0768229141831398 0.4097222089767456 0.0234375 0.07407407462596893
0 0.1328125 0.6226851940155029 0.01822916604578495 0.08796296268701553
0 0.1575520783662796 0.6180555820465088 0.01822916604578495 0.07870370149612427
0 0.185546875 0.6145833134651184 0.01953125 0.0902777761220932
0 0.2122395783662796 0.6215277910232544 0.01822916604578495 0.08564814925193787
0 0.2395833283662796 0.6203703880310059 0.015625 0.0833333358168602
0 0.2669270932674408 0.6134259104728699 0.01822916604578495 0.08796296268701553
0 0.2923177182674408 0.6203703880310059 0.01953125 0.0833333358168602
0 0.3196614682674408 0.6203703880310059 0.01692708395421505 0.0833333358168602
0 0.3860677182674408 0.6574074029922485 0.02213541604578495 0.17592592537403107
0 0.4127604067325592 0.6203703880310059 0.015625 0.07870370149612427
0 0.439453125 0.6134259104728699 0.01692708395421505 0.07870370149612427
0 0.466796875 0.6226851940155029 0.01953125 0.0833333358168602
0 0.49609375 0.6134259104728699 0.015625 0.07870370149612427
0 0.5221354365348816 0.6203703880310059 0.015625 0.0833333358168602
0 0.5494791865348816 0.6226851940155029 0.01822916604578495 0.08796296268701553
0 0.5891926884651184 0.6215277910232544 0.01692708395421505 0.08101851493120193
0 0.6165364384651184 0.6273148059844971 0.01692708395421505 0.07407407462596893
0 0.6438801884651184 0.6273148059844971 0.01692708395421505 0.07870370149612427
0 0.697265625 0.6273148059844971 0.01692708395421505 0.07870370149612427
0 0.7239583134651184 0.6574074029922485 0.02083333395421505 0.18518517911434174
0 0.751953125 0.6643518805503845 0.01953125 0.16203702986240387
0 0.9166666865348816 0.6261574029922485 0.02083333395421505 0.08564814925193787
0 0.9420573115348816 0.6099537014961243 0.02213541604578495 0.0902777761220932
0 0.97265625 0.6226851940155029 0.02083333395421505 0.07870370149612427
0 0.9700520634651184 0.7118055820465088 0.02083333395421505 0.0763888880610466
0 0.9420573115348816 0.7118055820465088 0.01953125 0.08101851493120193
0 0.9186198115348816 0.7141203880310059 0.02213541604578495 0.08564814925193787
0 0.7532551884651184 0.7118055820465088 0.01692708395421505 0.07175926119089127
0 0.7239583134651184 0.7106481194496155 0.01822916604578495 0.07407407462596893
0 0.697265625 0.6747685074806213 0.01953125 0.16435185074806213
0 0.6686198115348816 0.7037037014961243 0.01692708395421505 0.08796296268701553
0 0.642578125 0.7106481194496155 0.01692708395421505 0.0833333358168602
0 0.6158854365348816 0.7129629850387573 0.01822916604578495 0.0833333358168602
0 0.591796875 0.7129629850387573 0.01692708395421505 0.07870370149612427
0 0.5494791865348816 0.6736111044883728 0.01822916604578495 0.16203702986240387
0 0.5201823115348816 0.7118055820465088 0.01692708395421505 0.0763888880610466
0 0.4921875 0.7106481194496155 0.015625 0.0694444477558136
0 0.466796875 0.7071759104728699 0.01692708395421505 0.07175926119089127
0 0.4388020932674408 0.7037037014961243 0.015625 0.07407407462596893
0 0.4140625 0.7048611044883728 0.01822916604578495 0.0763888880610466
0 0.388671875 0.7094907164573669 0.01692708395421505 0.0763888880610466
0 0.3177083432674408 0.6724537014961243 0.01822916604578495 0.1597222238779068
0 0.291015625 0.7083333134651184 0.01692708395421505 0.07407407462596893
0 0.265625 0.7118055820465088 0.01822916604578495 0.08101851493120193
0 0.2389322966337204 0.7164351940155029 0.01692708395421505 0.08101851493120193
0 0.2141927033662796 0.7118055820465088 0.01692708395421505 0.07175926119089127
0 0.1881510466337204 0.7083333134651184 0.01692708395421505 0.07407407462596893
0 0.1569010466337204 0.7083333134651184 0.01953125 0.07870370149612427
0 0.1315104216337204 0.7071759104728699 0.015625 0.0625
0 0.22265625 0.9293981194496155 0.01822916604578495 0.0763888880610466
0 0.255859375 0.9201388955116272 0.01692708395421505 0.0902777761220932
0 0.291015625 0.9131944179534912 0.01692708395421505 0.0902777761220932
0 0.3580729067325592 0.9201388955116272 0.015625 0.0902777761220932
0 0.3873697817325592 0.9236111044883728 0.01692708395421505 0.08796296268701553
0 0.4140625 0.9178240895271301 0.01822916604578495 0.08101851493120193
0 0.44140625 0.9201388955116272 0.015625 0.08101851493120193
0 0.470703125 0.9201388955116272 0.01692708395421505 0.08101851493120193
0 0.5026041865348816 0.8344907164573669 0.0442708320915699 0.05324074253439903
0 0.4967447817325592 0.9259259104728699 0.01692708395421505 0.07870370149612427
0 0.521484375 0.9236111044883728 0.01692708395421505 0.07870370149612427
0 0.5475260615348816 0.9201388955116272 0.01692708395421505 0.0763888880610466
0 0.5891926884651184 0.9178240895271301 0.01692708395421505 0.08101851493120193
0 0.615234375 0.9189814925193787 0.01692708395421505 0.0833333358168602
0 0.6412760615348816 0.8125 0.04296875 0.0555555559694767
0 0.6438801884651184 0.9189814925193787 0.01692708395421505 0.08796296268701553
0 0.6712239384651184 0.9212962985038757 0.01692708395421505 0.07407407462596893
0 0.69921875 0.9224537014961243 0.015625 0.07175926119089127
0 0.7252604365348816 0.9224537014961243 0.01822916604578495 0.0763888880610466
0 0.75390625 0.9131944179534912 0.02083333395421505 0.08564814925193787
0 0.7786458134651184 0.9166666865348816 0.01822916604578495 0.0833333358168602
0 0.9192708134651184 0.9212962985038757 0.01822916604578495 0.07870370149612427
0 0.9518229365348816 0.9166666865348816 0.02083333395421505 0.0833333358168602
0 0.9778645634651184 0.9178240895271301 0.02083333395421505 0.0763888880610466
