0 0.1302083283662796 0.10300926119089127 0.01822916604578495 0.08564814925193787
0 0.1588541716337204 0.10185185074806213 0.01822916604578495 0.0694444477558136
0 0.1861979216337204 0.09837962687015533 0.01822916604578495 0.06712962687015533
0 0.2376302033662796 0.1041666641831398 0.01953125 0.07870370149612427
0 0.2662760317325592 0.10300926119089127 0.01692708395421505 0.07175926119089127
0 0.29296875 0.10648148506879807 0.01822916604578495 0.07407407462596893
0 0.3196614682674408 0.1006944477558136 0.01692708395421505 0.07175926119089127
0 0.130859375 0.025462962687015533 0.01953125 0.05092592537403107
0 0.1588541716337204 0.026620371267199516 0.02083333395421505 0.05324074253439903
0 0.185546875 0.026620371267199516 0.01953125 0.05324074253439903
0 0.2109375 0.025462962687015533 0.01822916604578495 0.05092592537403107
0 0.2389322966337204 0.025462962687015533 0.01953125 0.05092592537403107
0 0.2643229067325592 0.026620371267199516 0.01822916604578495 0.05324074253439903
0 0.29296875 0.028935184702277184 0.01822916604578495 0.05787036940455437
0 0.3209635317325592 0.026620371267199516 0.01692708395421505 0.05324074253439903
0 0.3834635317325592 0.03125 0.01953125 0.0625
0 0.4108072817325592 0.032407406717538834 0.01692708395421505 0.06481481343507767
0 0.4375 0.028935184702277184 0.01822916604578495 0.05787036940455437
0 0.466796875 0.02777777798473835 0.01692708395421505 0.0555555559694767
0 0.4934895932674408 0.030092593282461166 0.01822916604578495 0.06018518656492233
0 0.51953125 0.030092593282461166 0.015625 0.06018518656492233
0 0.380859375 0.10300926119089127 0.01692708395421505 0.07175926119089127
0 0.4088541567325592 0.10532407462596893 0.01822916604578495 0.0763888880610466
0 0.4368489682674408 0.10879629850387573 0.01953125 0.07870370149612427
0 0.4661458432674408 0.1041666641831398 0.015625 0.07407407462596893
0 0.4934895932674408 0.10648148506879807 0.01822916604578495 0.0833333358168602
0 0.5201823115348816 0.10648148506879807 0.01692708395421505 0.07407407462596893
0 0.587890625 0.10185185074806213 0.01953125 0.07870370149612427
0 0.6126301884651184 0.10532407462596893 0.01692708395421505 0.0763888880610466
0 0.640625 0.1180555522441864 0.01822916604578495 0.07407407462596893
0 0.66796875 0.0972222238779068 0.01822916604578495 0.07870370149612427
0 0.6953125 0.10185185074806213 0.02083333395421505 0.09259258955717087
0 0.7493489384651184 0.09375 0.01953125 0.0763888880610466
0 0.7760416865348816 0.09490741044282913 0.02083333395421505 0.07870370149612427
0 0.8138020634651184 0.1666666716337204 0.03125 0.0694444477558136
0 0.9427083134651184 0.30787035822868347 0.02083333395421505 0.07407407462596893
0 0.9713541865348816 0.39351850748062134 0.0234375 0.07870370149612427
0 0.9420573115348816 0.39699074625968933 0.02213541604578495 0.07175926119089127
0 0.9166666865348816 0.38657405972480774 0.02604166604578495 0.0833333358168602
0 0.77734375 0.40162035822868347 0.02083333395421505 0.08101851493120193
0 0.779296875 0.31828704476356506 0.01692708395421505 0.0763888880610466
0 0.7506510615348816 0.32060185074806213 0.01692708395421505 0.07175926119089127
0 0.75 0.40625 0.01822916604578495 0.0763888880610466
0 0.7200520634651184 0.40856480598449707 0.01822916604578495 0.07175926119089127
0 0.7252604365348816 0.30787035822868347 0.01822916604578495 0.07870370149612427
0 0.6940104365348816 0.3159722089767456 0.01822916604578495 0.0763888880610466
0 0.6946614384651184 0.4027777910232544 0.01692708395421505 0.07870370149612427
0 0.6686198115348816 0.3993055522441864 0.01692708395421505 0.07175926119089127
0 0.66796875 0.31481480598449707 0.01822916604578495 0.07407407462596893
0 0.6419270634651184 0.31828704476356506 0.01822916604578495 0.07175926119089127
0 0.6412760615348816 0.4027777910232544 0.01692708395421505 0.07870370149612427
0 0.615234375 0.40740740299224854 0.01692708395421505 0.07870370149612427
0 0.6158854365348816 0.31828704476356506 0.01822916604578495 0.0763888880610466
0 0.58984375 0.31828704476356506 0.01822916604578495 0.07175926119089127
0 0.5885416865348816 0.40046295523643494 0.01822916604578495 0.07407407462596893
0 0.548828125 0.40509259700775146 0.01692708395421505 0.07407407462596893
0 0.5475260615348816 0.3229166567325592 0.01692708395421505 0.0902777761220932
0 0.5221354365348816 0.32523149251937866 0.01822916604578495 0.07175926119089127
0 0.521484375 0.40509259700775146 0.01692708395421505 0.07407407462596893
0 0.4928385317325592 0.4097222089767456 0.01692708395421505 0.07407407462596893
0 0.494140625 0.31134259700775146 0.01692708395421505 0.08101851493120193
0 0.4661458432674408 0.3125 0.01822916604578495 0.07870370149612427
0 0.4654947817325592 0.40856480598449707 0.01692708395421505 0.0763888880610466
0 0.4375 0.4027777910232544 0.01822916604578495 0.07407407462596893
0 0.4368489682674408 0.31712964177131653 0.01692708395421505 0.07870370149612427
0 0.412109375 0.32060185074806213 0.014322916977107525 0.07175926119089127
0 0.4127604067325592 0.40740740299224854 0.01822916604578495 0.07407407462596893
0 0.3580729067325592 0.40162035822868347 0.01822916604578495 0.0763888880610466
0 0.3587239682674408 0.31712964177131653 0.01692708395421505 0.07407407462596893
0 0.3834635317325592 0.3229166567325592 0.01692708395421505 0.07175926119089127
0 0.2923177182674408 0.31712964177131653 0.01953125 0.07870370149612427
0 0.318359375 0.40393519401550293 0.01692708395421505 0.0763888880610466
0 0.2923177182674408 0.40740740299224854 0.01953125 0.07407407462596893
0 0.2630208432674408 0.40740740299224854 0.01822916604578495 0.07407407462596893
0 0.2669270932674408 0.31481480598449707 0.01822916604578495 0.07407407462596893
0 0.2395833283662796 0.32754629850387573 0.01822916604578495 0.07175926119089127
0 0.2356770783662796 0.41550925374031067 0.01822916604578495 0.0763888880610466
0 0.2109375 0.37037035822868347 0.02083333395421505 0.15740740299224854
0 0.2135416716337204 0.32407405972480774 0.01822916604578495 0.07870370149612427
0 0.18359375 0.36689814925193787 0.01822916604578495 0.1597222238779068
0 0.1822916716337204 0.375 0.02083333395421505 0.16203702986240387
0 0.1549479216337204 0.4166666567325592 0.01822916604578495 0.07870370149612427
0 0.1569010466337204 0.3229166567325592 0.01953125 0.0763888880610466
0 0.1302083283662796 0.31828704476356506 0.01822916604578495 0.07175926119089127
0 0.1321614533662796 0.40856480598449707 0.01953125 0.07175926119089127
0 0.1315104216337204 0.6261574029922485 0.01822916604578495 0.07175926119089127
0 0.130859375 0.7094907164573669 0.01692708395421505 0.0625
0 0.16015625 0.7094907164573669 0.02083333395421505 0.0763888880610466
0 0.1569010466337204 0.6203703880310059 0.01953125 0.0694444477558136
0 0.1842447966337204 0.6226851940155029 0.01953125 0.07870370149612427
0 0.1829427033662796 0.7164351940155029 0.01953125 0.08564814925193787
0 0.2135416716337204 0.7152777910232544 0.01822916604578495 0.07407407462596893
0 0.2389322966337204 0.7199074029922485 0.01692708395421505 0.07407407462596893
0 0.2389322966337204 0.6273148059844971 0.01692708395421505 0.0694444477558136
0 0.2669270932674408 0.5949074029922485 0.01822916604578495 0.07407407462596893
0 0.2649739682674408 0.7152777910232544 0.01953125 0.07870370149612427
0 0.2903645932674408 0.7083333134651184 0.01822916604578495 0.07407407462596893
0 0.2916666567325592 0.6064814925193787 0.02083333395421505 0.10648148506879807
0 0.3196614682674408 0.6261574029922485 0.01692708395421505 0.07175926119089127
0 0.3216145932674408 0.7118055820465088 0.01822916604578495 0.07175926119089127
0 0.3893229067325592 0.7118055820465088 0.01822916604578495 0.0763888880610466
0 0.38671875 0.6192129850387573 0.01822916604578495 0.07175926119089127
0 0.4127604067325592 0.6215277910232544 0.015625 0.0763888880610466
0 0.4140625 0.7060185074806213 0.01822916604578495 0.07407407462596893
0 0.439453125 0.7060185074806213 0.01692708395421505 0.0694444477558136
0 0.4401041567325592 0.6215277910232544 0.01822916604578495 0.08101851493120193
0 0.466796875 0.625 0.01953125 0.07870370149612427
0 0.4674479067325592 0.7071759104728699 0.01822916604578495 0.07175926119089127
0 0.4921875 0.7083333134651184 0.015625 0.07407407462596893
0 0.49609375 0.6145833134651184 0.015625 0.07175926119089127
0 0.5227864384651184 0.6238425970077515 0.01692708395421505 0.07175926119089127
0 0.5208333134651184 0.7118055820465088 0.01822916604578495 0.0763888880610466
0 0.5501301884651184 0.7152777910232544 0.01692708395421505 0.07870370149612427
0 0.5494791865348816 0.6226851940155029 0.01822916604578495 0.07870370149612427
0 0.5891926884651184 0.6215277910232544 0.01692708395421505 0.0763888880610466
0 0.5891926884651184 0.7106481194496155 0.01692708395421505 0.07407407462596893
0 0.6158854365348816 0.7141203880310059 0.01822916604578495 0.08101851493120193
0 0.6165364384651184 0.6273148059844971 0.01692708395421505 0.0694444477558136
0 0.64453125 0.6261574029922485 0.015625 0.07175926119089127
0 0.6419270634651184 0.7164351940155029 0.01822916604578495 0.08101851493120193
0 0.6692708134651184 0.6770833134651184 0.01822916604578495 0.14120370149612427
0 0.6692708134651184 0.6284722089767456 0.015625 0.05787036940455437
0 0.6979166865348816 0.6261574029922485 0.01822916604578495 0.0763888880610466
0 0.6979166865348816 0.7141203880310059 0.01822916604578495 0.08101851493120193
0 0.7265625 0.7106481194496155 0.02083333395421505 0.0833333358168602
0 0.7252604365348816 0.6273148059844971 0.01822916604578495 0.0694444477558136
0 0.7526041865348816 0.6296296119689941 0.01822916604578495 0.0694444477558136
0 0.75390625 0.7094907164573669 0.015625 0.06712962687015533
0 0.9166666865348816 0.625 0.02083333395421505 0.07870370149612427
0 0.9427083134651184 0.6145833134651184 0.02083333395421505 0.0763888880610466
0 0.97265625 0.6203703880310059 0.02083333395421505 0.07407407462596893
0 0.9694010615348816 0.7141203880310059 0.01953125 0.06712962687015533
0 0.9420573115348816 0.7094907164573669 0.01953125 0.08101851493120193
0 0.9186198115348816 0.7152777910232544 0.02213541604578495 0.07870370149612427
0 0.9798176884651184 0.9189814925193787 0.02213541604578495 0.08796296268701553
0 0.9518229365348816 0.9189814925193787 0.02083333395421505 0.0694444477558136
0 0.9192708134651184 0.9189814925193787 0.01822916604578495 0.07407407462596893
0 0.7805989384651184 0.9212962985038757 0.01692708395421505 0.0694444477558136
0 0.7545573115348816 0.9155092835426331 0.01953125 0.0763888880610466
0 0.7259114384651184 0.9224537014961243 0.01953125 0.0763888880610466
0 0.6979166865348816 0.9201388955116272 0.01822916604578495 0.0763888880610466
0 0.6712239384651184 0.9189814925193787 0.01692708395421505 0.0694444477558136
0 0.6451823115348816 0.9282407164573669 0.01692708395421505 0.0694444477558136
0 0.6158854365348816 0.9236111044883728 0.015625 0.0694444477558136
0 0.5904948115348816 0.9201388955116272 0.01692708395421505 0.07175926119089127
0 0.548828125 0.9236111044883728 0.01692708395421505 0.0694444477558136
0 0.498046875 0.9282407164573669 0.01692708395421505 0.07407407462596893
0 0.4401041567325592 0.9363425970077515 0.01822916604578495 0.08101851493120193
0 0.4153645932674408 0.9270833134651184 0.01822916604578495 0.07175926119089127
0 0.3873697817325592 0.9270833134651184 0.01692708395421505 0.08101851493120193
0 0.3587239682674408 0.9201388955116272 0.01692708395421505 0.0902777761220932
0 0.3229166567325592 0.9201388955116272 0.01822916604578495 0.0902777761220932
0 0.2916666567325592 0.9166666865348816 0.01822916604578495 0.0833333358168602
0 0.2565104067325592 0.9224537014961243 0.01822916604578495 0.0902777761220932
0 0.2265625 0.9317129850387573 0.0234375 0.06712962687015533
0 0.18359375 0.9305555820465088 0.01822916604578495 0.07407407462596893
