0 0.1328125 0.023148147389292717 0.02083333395421505 0.046296294778585434
0 0.1315104216337204 0.0902777761220932 0.02083333395421505 0.08796296268701553
0 0.1608072966337204 0.10185185074806213 0.01692708395421505 0.0694444477558136
0 0.1608072966337204 0.02777777798473835 0.01953125 0.0555555559694767
0 0.1875 0.026620371267199516 0.01822916604578495 0.05324074253439903
0 0.1868489533662796 0.09606481343507767 0.01692708395421505 0.06712962687015533
0 0.2141927033662796 0.1041666641831398 0.01692708395421505 0.07407407462596893
0 0.212890625 0.026620371267199516 0.01953125 0.05324074253439903
0 0.2389322966337204 0.09953703731298447 0.01953125 0.0833333358168602
0 0.267578125 0.10185185074806213 0.01692708395421505 0.0694444477558136
0 0.265625 0.026620371267199516 0.01822916604578495 0.05324074253439903
0 0.2936197817325592 0.028935184702277184 0.01692708395421505 0.05787036940455437
0 0.2936197817325592 0.1041666641831398 0.01692708395421505 0.07407407462596893
0 0.3209635317325592 0.1006944477558136 0.01692708395421505 0.07175926119089127
0 0.322265625 0.02777777798473835 0.01692708395421505 0.0555555559694767
0 0.3841145932674408 0.032407406717538834 0.01822916604578495 0.06481481343507767
0 0.3815104067325592 0.10648148506879807 0.01822916604578495 0.07870370149612427
0 0.4095052182674408 0.1041666641831398 0.01692708395421505 0.07870370149612427
0 0.4108072817325592 0.03356481343507767 0.01692708395421505 0.06712962687015533
0 0.4381510317325592 0.028935184702277184 0.01692708395421505 0.05787036940455437
0 0.4368489682674408 0.10995370149612427 0.01953125 0.08101851493120193
0 0.4661458432674408 0.1041666641831398 0.015625 0.07407407462596893
0 0.4674479067325592 0.02777777798473835 0.01822916604578495 0.0555555559694767
0 0.4934895932674408 0.030092593282461166 0.01822916604578495 0.06018518656492233
0 0.4934895932674408 0.10532407462596893 0.01822916604578495 0.08564814925193787
0 0.5208333134651184 0.1041666641831398 0.015625 0.07407407462596893
0 0.5201823115348816 0.030092593282461166 0.01692708395421505 0.06018518656492233
0 0.5520833134651184 0.1006944477558136 0.015625 0.07175926119089127
0 0.587890625 0.07060185074806213 0.01953125 0.14120370149612427
0 0.587890625 0.06712962687015533 0.01692708395421505 0.13425925374031067
0 0.61328125 0.1041666641831398 0.015625 0.07407407462596893
0 0.6412760615348816 0.0972222238779068 0.01692708395421505 0.07407407462596893
0 0.6419270634651184 0.02777777798473835 0.01822916604578495 0.0555555559694767
0 0.669921875 0.0243055559694767 0.01953125 0.0486111119389534
0 0.66796875 0.09375 0.01822916604578495 0.08564814925193787
0 0.6966145634651184 0.018518518656492233 0.01822916604578495 0.03703703731298447
0 0.7213541865348816 0.1006944477558136 0.01822916604578495 0.0763888880610466
0 0.7239583134651184 0.026620371267199516 0.01822916604578495 0.05324074253439903
0 0.748046875 0.02083333395421505 0.01692708395421505 0.0416666679084301
0 0.75 0.09375 0.01822916604578495 0.0763888880610466
0 0.7766926884651184 0.09490741044282913 0.01953125 0.0833333358168602
0 0.7779948115348816 0.023148147389292717 0.02213541604578495 0.046296294778585434
0 0.8658854365348816 0.1388888955116272 0.01822916604578495 0.07870370149612427
0 0.943359375 0.31134259700775146 0.02213541604578495 0.08101851493120193
0 0.97265625 0.3958333432674408 0.0234375 0.07870370149612427
0 0.9427083134651184 0.35300925374031067 0.02083333395421505 0.16435185074806213
0 0.9173176884651184 0.39004629850387573 0.02473958395421505 0.08101851493120193
0 0.7779948115348816 0.40393519401550293 0.01953125 0.08101851493120193
0 0.779296875 0.3159722089767456 0.01692708395421505 0.08564814925193787
0 0.7506510615348816 0.32175925374031067 0.01692708395421505 0.07407407462596893
0 0.7493489384651184 0.40393519401550293 0.01953125 0.08101851493120193
0 0.7200520634651184 0.40856480598449707 0.015625 0.0763888880610466
0 0.7252604365348816 0.30439814925193787 0.01822916604578495 0.08564814925193787
0 0.6940104365348816 0.3159722089767456 0.01822916604578495 0.08101851493120193
0 0.6946614384651184 0.40162035822868347 0.01692708395421505 0.08101851493120193
0 0.6705729365348816 0.40162035822868347 0.01822916604578495 0.0763888880610466
0 0.64453125 0.37037035822868347 0.02083333395421505 0.1805555522441864
0 0.642578125 0.34606480598449707 0.01953125 0.1597222238779068
0 0.6158854365348816 0.3125 0.015625 0.08796296268701553
0 0.615234375 0.40625 0.01692708395421505 0.08101851493120193
0 0.5885416865348816 0.3611111044883728 0.01822916604578495 0.1527777761220932
0 0.58984375 0.3159722089767456 0.01822916604578495 0.08101851493120193
0 0.5475260615348816 0.35532405972480774 0.01692708395421505 0.1597222238779068
0 0.548828125 0.3611111044883728 0.01692708395421505 0.16203702986240387
0 0.521484375 0.36574074625968933 0.01692708395421505 0.1527777761220932
0 0.5221354365348816 0.31828704476356506 0.01822916604578495 0.0902777761220932
0 0.494140625 0.3090277910232544 0.01692708395421505 0.08564814925193787
0 0.4928385317325592 0.35995370149612427 0.01692708395421505 0.1736111044883728
0 0.4661458432674408 0.35995370149612427 0.01822916604578495 0.1736111044883728
0 0.466796875 0.31018519401550293 0.01692708395421505 0.0833333358168602
0 0.4375 0.3055555522441864 0.01822916604578495 0.08796296268701553
0 0.4381510317325592 0.4027777910232544 0.01692708395421505 0.07407407462596893
0 0.4127604067325592 0.3680555522441864 0.01822916604578495 0.1527777761220932
0 0.4108072817325592 0.31481480598449707 0.01953125 0.0972222238779068
0 0.3834635317325592 0.31712964177131653 0.01692708395421505 0.0833333358168602
0 0.359375 0.33912035822868347 0.01822916604578495 0.1458333283662796
0 0.3580729067325592 0.35648149251937866 0.01822916604578495 0.1666666716337204
0 0.318359375 0.40393519401550293 0.01692708395421505 0.0763888880610466
0 0.3216145932674408 0.31134259700775146 0.01822916604578495 0.0902777761220932
0 0.29296875 0.3159722089767456 0.01822916604578495 0.08101851493120193
0 0.2923177182674408 0.40625 0.01953125 0.0763888880610466
0 0.263671875 0.40509259700775146 0.01692708395421505 0.07407407462596893
0 0.267578125 0.3090277910232544 0.01692708395421505 0.08564814925193787
0 0.2727864682674408 0.1805555522441864 0.0403645820915699 0.046296294778585434
0 0.1848958283662796 0.1875 0.0390625 0.046296294778585434
0 0.2408854216337204 0.32523149251937866 0.01822916604578495 0.0763888880610466
0 0.2369791716337204 0.41203704476356506 0.01822916604578495 0.07870370149612427
0 0.2109375 0.3680555522441864 0.02083333395421505 0.16203702986240387
0 0.2141927033662796 0.32060185074806213 0.01692708395421505 0.08564814925193787
0 0.1842447966337204 0.31365740299224854 0.01692708395421505 0.08564814925193787
0 0.18359375 0.36342594027519226 0.02083333395421505 0.1805555522441864
0 0.15625 0.41435185074806213 0.01822916604578495 0.07870370149612427
0 0.158203125 0.31828704476356506 0.01953125 0.08101851493120193
0 0.1315104216337204 0.3159722089767456 0.01822916604578495 0.0763888880610466
0 0.1334635466337204 0.40625 0.01953125 0.07175926119089127
0 0.1315104216337204 0.6238425970077515 0.01822916604578495 0.1041666641831398
0 0.1315104216337204 0.7071759104728699 0.015625 0.0625
0 0.1569010466337204 0.7083333134651184 0.01953125 0.07870370149612427
0 0.158203125 0.6134259104728699 0.01953125 0.0972222238779068
0 0.1848958283662796 0.6099537014961243 0.02083333395421505 0.1041666641831398
0 0.1881510466337204 0.7094907164573669 0.01692708395421505 0.07175926119089127
0 0.2141927033662796 0.7106481194496155 0.01692708395421505 0.07407407462596893
0 0.2122395783662796 0.6145833134651184 0.01822916604578495 0.09953703731298447
0 0.2395833283662796 0.6655092835426331 0.015625 0.1736111044883728
0 0.2389322966337204 0.7164351940155029 0.01692708395421505 0.08101851493120193
0 0.265625 0.6655092835426331 0.01822916604578495 0.1736111044883728
0 0.2669270932674408 0.6134259104728699 0.01822916604578495 0.09259258955717087
0 0.2923177182674408 0.6192129850387573 0.01953125 0.08564814925193787
0 0.2916666567325592 0.6678240895271301 0.01822916604578495 0.1736111044883728
0 0.318359375 0.6736111044883728 0.01692708395421505 0.1666666716337204
0 0.3196614682674408 0.6134259104728699 0.01692708395421505 0.0972222238779068
0 0.38671875 0.6608796119689941 0.0234375 0.1736111044883728
0 0.3893229067325592 0.7094907164573669 0.01822916604578495 0.0763888880610466
0 0.4140625 0.7037037014961243 0.01822916604578495 0.07870370149612427
0 0.412109375 0.6111111044883728 0.01692708395421505 0.0972222238779068
0 0.439453125 0.6134259104728699 0.01692708395421505 0.0833333358168602
0 0.4388020932674408 0.7048611044883728 0.015625 0.07175926119089127
0 0.466796875 0.7060185074806213 0.01692708395421505 0.07407407462596893
0 0.4661458432674408 0.6226851940155029 0.01822916604578495 0.0833333358168602
0 0.49609375 0.6053240895271301 0.015625 0.09490741044282913
0 0.4921875 0.7071759104728699 0.015625 0.08101851493120193
0 0.5201823115348816 0.7106481194496155 0.01692708395421505 0.07870370149612427
0 0.5221354365348816 0.6203703880310059 0.015625 0.0833333358168602
0 0.5494791865348816 0.6215277910232544 0.01822916604578495 0.0902777761220932
0 0.5494791865348816 0.7175925970077515 0.01822916604578495 0.08796296268701553
0 0.5891926884651184 0.6180555820465088 0.01692708395421505 0.0833333358168602
0 0.6165364384651184 0.625 0.01692708395421505 0.07870370149612427
0 0.6158854365348816 0.7118055820465088 0.01822916604578495 0.08564814925193787
0 0.6419270634651184 0.7152777910232544 0.01822916604578495 0.0833333358168602
0 0.6438801884651184 0.6226851940155029 0.01692708395421505 0.08796296268701553
0 0.6686198115348816 0.5891203880310059 0.01692708395421505 0.0763888880610466
0 0.6692708134651184 0.7048611044883728 0.01822916604578495 0.08564814925193787
0 0.6966145634651184 0.6180555820465088 0.01822916604578495 0.09259258955717087
0 0.7239583134651184 0.6168981194496155 0.01822916604578495 0.09490741044282913
0 0.7233073115348816 0.7094907164573669 0.01953125 0.0763888880610466
0 0.751953125 0.6620370149612427 0.01953125 0.15740740299224854
0 0.7532551884651184 0.7106481194496155 0.01692708395421505 0.0694444477558136
0 0.822265625 0.5335648059844971 0.01953125 0.0902777761220932
0 0.9166666865348816 0.625 0.02083333395421505 0.08796296268701553
0 0.9420573115348816 0.6099537014961243 0.02213541604578495 0.0902777761220932
0 0.97265625 0.6192129850387573 0.02083333395421505 0.08564814925193787
0 0.9700520634651184 0.7129629850387573 0.02083333395421505 0.07407407462596893
0 0.9420573115348816 0.7106481194496155 0.01953125 0.07870370149612427
0 0.91796875 0.7129629850387573 0.0234375 0.08796296268701553
0 0.9778645634651184 0.9166666865348816 0.02083333395421505 0.07870370149612427
0 0.951171875 0.9143518805503845 0.02213541604578495 0.0833333358168602
0 0.9186198115348816 0.9201388955116272 0.01953125 0.08101851493120193
0 0.7786458134651184 0.9131944179534912 0.01822916604578495 0.0902777761220932
0 0.75390625 0.90625 0.02083333395421505 0.09953703731298447
0 0.7252604365348816 0.9224537014961243 0.01822916604578495 0.08101851493120193
0 0.69921875 0.7789351940155029 0.01822916604578495 0.07175926119089127
0 0.6985676884651184 0.9212962985038757 0.01692708395421505 0.07407407462596893
0 0.6712239384651184 0.9166666865348816 0.01692708395421505 0.0833333358168602
0 0.6438801884651184 0.9178240895271301 0.01692708395421505 0.09490741044282913
0 0.615234375 0.9212962985038757 0.01692708395421505 0.07870370149612427
0 0.5891926884651184 0.9143518805503845 0.01692708395421505 0.08796296268701553
0 0.5475260615348816 0.9201388955116272 0.01692708395421505 0.0763888880610466
0 0.521484375 0.9201388955116272 0.01692708395421505 0.08564814925193787
0 0.4967447817325592 0.9247685074806213 0.01692708395421505 0.08101851493120193
0 0.470703125 0.9201388955116272 0.01692708395421505 0.08564814925193787
0 0.4251302182674408 0.8171296119689941 0.02734375 0.08796296268701553
0 0.4147135317325592 0.9155092835426331 0.01692708395421505 0.0902777761220932
0 0.3873697817325592 0.9224537014961243 0.01692708395421505 0.0902777761220932
0 0.3580729067325592 0.9189814925193787 0.015625 0.08796296268701553
0 0.291015625 0.9108796119689941 0.01692708395421505 0.09490741044282913
0 0.2565104067325592 0.9201388955116272 0.015625 0.0902777761220932
0 0.2239583283662796 0.9224537014961243 0.01822916604578495 0.0902777761220932
0 0.2220052033662796 0.8252314925193787 0.04296875 0.0486111119389534
0 0.0924479141831398 0.8819444179534912 0.02864583395421505 0.09259258955717087
0 0.0579427070915699 0.8703703880310059 0.02213541604578495 0.09259258955717087
