0 0.1341145783662796 0.023148147389292717 0.01822916604578495 0.046296294778585434
0 0.1627604216337204 0.02777777798473835 0.01822916604578495 0.0555555559694767
0 0.1888020783662796 0.025462962687015533 0.01822916604578495 0.05092592537403107
0 0.21484375 0.026620371267199516 0.01822916604578495 0.05324074253439903
0 0.2428385466337204 0.021990740671753883 0.01692708395421505 0.04398148134350777
0 0.2682291567325592 0.026620371267199516 0.01822916604578495 0.05324074253439903
0 0.3229166567325592 0.028935184702277184 0.01822916604578495 0.05787036940455437
0 0.38671875 0.03125 0.015625 0.0625
0 0.4127604067325592 0.03356481343507767 0.015625 0.06712962687015533
0 0.439453125 0.030092593282461166 0.01692708395421505 0.06018518656492233
0 0.46875 0.026620371267199516 0.01822916604578495 0.05324074253439903
0 0.4954427182674408 0.030092593282461166 0.01692708395421505 0.06018518656492233
0 0.5227864384651184 0.026620371267199516 0.01692708395421505 0.05324074253439903
0 0.55078125 0.030092593282461166 0.015625 0.06018518656492233
0 0.58984375 0.06712962687015533 0.01822916604578495 0.13425925374031067
0 0.6432291865348816 0.028935184702277184 0.01822916604578495 0.05787036940455437
0 0.6712239384651184 0.025462962687015533 0.01953125 0.05092592537403107
0 0.69921875 0.019675925374031067 0.01822916604578495 0.039351850748062134
0 0.7252604365348816 0.028935184702277184 0.01822916604578495 0.05787036940455437
0 0.7486979365348816 0.021990740671753883 0.015625 0.04398148134350777
0 0.779296875 0.025462962687015533 0.02213541604578495 0.05092592537403107
0 0.7779948115348816 0.09837962687015533 0.01953125 0.0763888880610466
0 0.7506510615348816 0.09837962687015533 0.01692708395421505 0.0763888880610466
0 0.72265625 0.10185185074806213 0.01822916604578495 0.07407407462596893
0 0.642578125 0.06712962687015533 0.01953125 0.13425925374031067
0 0.6139323115348816 0.10532407462596893 0.01692708395421505 0.0763888880610466
0 0.5885416865348816 0.07175926119089127 0.01822916604578495 0.14351852238178253
0 0.552734375 0.1006944477558136 0.01692708395421505 0.07175926119089127
0 0.5227864384651184 0.10648148506879807 0.01692708395421505 0.07407407462596893
0 0.4947916567325592 0.08912037312984467 0.01822916604578495 0.12268518656492233
0 0.4381510317325592 0.10995370149612427 0.01953125 0.08101851493120193
0 0.4108072817325592 0.07175926119089127 0.01692708395421505 0.14351852238178253
0 0.3828125 0.1041666641831398 0.01822916604578495 0.07870370149612427
0 0.322265625 0.1006944477558136 0.01692708395421505 0.07175926119089127
0 0.2955729067325592 0.10300926119089127 0.01822916604578495 0.0763888880610466
0 0.2688802182674408 0.09953703731298447 0.01692708395421505 0.07407407462596893
0 0.2408854216337204 0.1006944477558136 0.01822916604578495 0.08101851493120193
0 0.21484375 0.10300926119089127 0.01822916604578495 0.0763888880610466
0 0.189453125 0.06481481343507767 0.01692708395421505 0.12962962687015533
0 0.162109375 0.09953703731298447 0.01692708395421505 0.0694444477558136
0 0.1334635466337204 0.0902777761220932 0.01953125 0.08796296268701553
0 0.0852864608168602 0.1875 0.02213541604578495 0.0833333358168602
0 0.19921875 0.22337962687015533 0.0416666679084301 0.0486111119389534
0 0.1328125 0.31134259700775146 0.01822916604578495 0.09953703731298447
0 0.1588541716337204 0.31712964177131653 0.01822916604578495 0.07870370149612427
0 0.1842447966337204 0.3090277910232544 0.01692708395421505 0.09490741044282913
0 0.2154947966337204 0.31828704476356506 0.01692708395421505 0.08564814925193787
0 0.2421875 0.31828704476356506 0.01822916604578495 0.0902777761220932
0 0.2688802182674408 0.30787035822868347 0.01692708395421505 0.08796296268701553
0 0.2936197817325592 0.3090277910232544 0.01953125 0.09490741044282913
0 0.322265625 0.35532405972480774 0.01953125 0.18287037312984467
0 0.3600260317325592 0.35300925374031067 0.01692708395421505 0.1597222238779068
0 0.384765625 0.3159722089767456 0.01692708395421505 0.08564814925193787
0 0.4127604067325592 0.3159722089767456 0.015625 0.0902777761220932
0 0.4381510317325592 0.34490740299224854 0.01953125 0.17592592537403107
0 0.466796875 0.3020833432674408 0.01692708395421505 0.09953703731298447
0 0.4954427182674408 0.3020833432674408 0.01692708395421505 0.09953703731298447
0 0.5227864384651184 0.31828704476356506 0.01692708395421505 0.0902777761220932
0 0.5481770634651184 0.34953704476356506 0.01822916604578495 0.1805555522441864
0 0.58984375 0.3090277910232544 0.01822916604578495 0.09490741044282913
0 0.6165364384651184 0.31018519401550293 0.01692708395421505 0.0972222238779068
0 0.66796875 0.30439814925193787 0.01822916604578495 0.0902777761220932
0 0.6946614384651184 0.3159722089767456 0.01692708395421505 0.08101851493120193
0 0.7252604365348816 0.30439814925193787 0.01822916604578495 0.0902777761220932
0 0.7513020634651184 0.32175925374031067 0.01822916604578495 0.07870370149612427
0 0.7799479365348816 0.31828704476356506 0.01822916604578495 0.0902777761220932
0 0.86328125 0.22337962687015533 0.02083333395421505 0.08564814925193787
0 0.9440104365348816 0.31365740299224854 0.02083333395421505 0.08101851493120193
0 0.97265625 0.40046295523643494 0.0234375 0.0833333358168602
0 0.9427083134651184 0.40046295523643494 0.02083333395421505 0.07407407462596893
0 0.91796875 0.39004629850387573 0.0234375 0.08101851493120193
0 0.779296875 0.40740740299224854 0.01953125 0.07870370149612427
0 0.75 0.40740740299224854 0.02083333395421505 0.0833333358168602
0 0.720703125 0.40856480598449707 0.01692708395421505 0.0763888880610466
0 0.6946614384651184 0.40393519401550293 0.01692708395421505 0.08101851493120193
0 0.6712239384651184 0.40509259700775146 0.01692708395421505 0.07407407462596893
0 0.6458333134651184 0.40393519401550293 0.02083333395421505 0.11342592537403107
0 0.6158854365348816 0.3576388955116272 0.01822916604578495 0.18287037312984467
0 0.5494791865348816 0.35995370149612427 0.01822916604578495 0.16435185074806213
0 0.5227864384651184 0.3680555522441864 0.01692708395421505 0.1527777761220932
0 0.494140625 0.40740740299224854 0.01692708395421505 0.07870370149612427
0 0.466796875 0.35995370149612427 0.01692708395421505 0.1736111044883728
0 0.439453125 0.35300925374031067 0.01953125 0.17824074625968933
0 0.412109375 0.35995370149612427 0.014322916977107525 0.1597222238779068
0 0.3587239682674408 0.3611111044883728 0.01692708395421505 0.1527777761220932
0 0.3203125 0.40509259700775146 0.01822916604578495 0.0833333358168602
0 0.29296875 0.36226850748062134 0.01822916604578495 0.16435185074806213
0 0.2643229067325592 0.4027777910232544 0.01822916604578495 0.07407407462596893
0 0.2376302033662796 0.41087964177131653 0.01692708395421505 0.08101851493120193
0 0.2122395783662796 0.3645833432674408 0.02083333395421505 0.15509259700775146
0 0.1842447966337204 0.35879629850387573 0.02213541604578495 0.18518517911434174
0 0.1569010466337204 0.41087964177131653 0.01692708395421505 0.08101851493120193
0 0.1341145783662796 0.4027777910232544 0.01822916604578495 0.07407407462596893
0 0.1328125 0.6122685074806213 0.01822916604578495 0.1041666641831398
0 0.1575520783662796 0.6087962985038757 0.01822916604578495 0.0972222238779068
0 0.185546875 0.6099537014961243 0.01953125 0.09490741044282913
0 0.212890625 0.6122685074806213 0.01953125 0.1041666641831398
0 0.2395833283662796 0.6192129850387573 0.015625 0.08564814925193787
0 0.2669270932674408 0.6111111044883728 0.01822916604578495 0.09259258955717087
0 0.29296875 0.6099537014961243 0.01822916604578495 0.1041666641831398
0 0.3196614682674408 0.6122685074806213 0.01692708395421505 0.09953703731298447
0 0.38671875 0.6597222089767456 0.0234375 0.17592592537403107
0 0.4127604067325592 0.6145833134651184 0.015625 0.0902777761220932
0 0.439453125 0.6111111044883728 0.01692708395421505 0.0833333358168602
0 0.4720052182674408 0.49884259700775146 0.02473958395421505 0.07175926119089127
0 0.4954427182674408 0.6006944179534912 0.01953125 0.11342592537403107
0 0.5221354365348816 0.6215277910232544 0.015625 0.08564814925193787
0 0.5774739384651184 0.5196759104728699 0.0403645820915699 0.05787036940455437
0 0.5891926884651184 0.6180555820465088 0.01692708395421505 0.09259258955717087
0 0.6165364384651184 0.6238425970077515 0.01692708395421505 0.08101851493120193
0 0.6438801884651184 0.6226851940155029 0.01692708395421505 0.08796296268701553
0 0.669921875 0.625 0.01692708395421505 0.0833333358168602
0 0.7005208134651184 0.4861111044883728 0.0442708320915699 0.0555555559694767
0 0.712890625 0.5381944179534912 0.0377604179084301 0.0486111119389534
0 0.6966145634651184 0.6192129850387573 0.01822916604578495 0.09490741044282913
0 0.7233073115348816 0.6597222089767456 0.01953125 0.1805555522441864
0 0.7513020634651184 0.6585648059844971 0.01822916604578495 0.15046297013759613
0 0.916015625 0.6296296119689941 0.02213541604578495 0.0833333358168602
0 0.9420573115348816 0.6122685074806213 0.02213541604578495 0.09490741044282913
0 0.9720051884651184 0.6238425970077515 0.02213541604578495 0.08101851493120193
0 0.96875 0.7141203880310059 0.02083333395421505 0.0763888880610466
0 0.9420573115348816 0.7152777910232544 0.01953125 0.0833333358168602
0 0.91796875 0.71875 0.0234375 0.08101851493120193
0 0.7532551884651184 0.7106481194496155 0.01692708395421505 0.07407407462596893
0 0.7239583134651184 0.7106481194496155 0.01822916604578495 0.07870370149612427
0 0.6966145634651184 0.7118055820465088 0.01822916604578495 0.07175926119089127
0 0.6686198115348816 0.6817129850387573 0.01692708395421505 0.15046297013759613
0 0.6432291865348816 0.6736111044883728 0.01822916604578495 0.16203702986240387
0 0.6158854365348816 0.6759259104728699 0.01822916604578495 0.15740740299224854
0 0.591796875 0.7118055820465088 0.01692708395421505 0.08101851493120193
0 0.5846354365348816 0.7939814925193787 0.046875 0.05092592537403107
0 0.4856770932674408 0.7916666865348816 0.0442708320915699 0.05092592537403107
0 0.5494791865348816 0.7141203880310059 0.01822916604578495 0.08101851493120193
0 0.5201823115348816 0.7118055820465088 0.01692708395421505 0.08101851493120193
0 0.4915364682674408 0.7048611044883728 0.01692708395421505 0.08564814925193787
0 0.466796875 0.7037037014961243 0.01692708395421505 0.07870370149612427
0 0.4388020932674408 0.7037037014961243 0.015625 0.07407407462596893
0 0.4140625 0.7071759104728699 0.01822916604578495 0.0763888880610466
0 0.388671875 0.7083333134651184 0.01692708395421505 0.07870370149612427
0 0.3177083432674408 0.6585648059844971 0.01822916604578495 0.1875
0 0.291015625 0.6643518805503845 0.01692708395421505 0.15740740299224854
0 0.265625 0.6643518805503845 0.01822916604578495 0.17129629850387573
0 0.2389322966337204 0.7129629850387573 0.01692708395421505 0.0833333358168602
0 0.2141927033662796 0.7094907164573669 0.01692708395421505 0.07175926119089127
0 0.1881510466337204 0.7071759104728699 0.01692708395421505 0.07175926119089127
0 0.1569010466337204 0.7048611044883728 0.01953125 0.08101851493120193
0 0.1315104216337204 0.7048611044883728 0.015625 0.0625
0 0.1881510466337204 0.9212962985038757 0.02213541604578495 0.09259258955717087
0 0.2220052033662796 0.9224537014961243 0.01692708395421505 0.0902777761220932
0 0.2552083432674408 0.9189814925193787 0.015625 0.09259258955717087
0 0.2903645932674408 0.9108796119689941 0.01822916604578495 0.09490741044282913
0 0.3580729067325592 0.9178240895271301 0.015625 0.0902777761220932
0 0.38671875 0.9212962985038757 0.01822916604578495 0.09259258955717087
0 0.4140625 0.9108796119689941 0.01822916604578495 0.09490741044282913
0 0.4401041567325592 0.9027777910232544 0.01822916604578495 0.12037037312984467
0 0.4700520932674408 0.9189814925193787 0.015625 0.08796296268701553
0 0.49609375 0.9236111044883728 0.015625 0.0833333358168602
0 0.521484375 0.9201388955116272 0.01692708395421505 0.08564814925193787
0 0.546875 0.9212962985038757 0.01822916604578495 0.07870370149612427
0 0.5891926884651184 0.9155092835426331 0.01692708395421505 0.0902777761220932
0 0.6145833134651184 0.9166666865348816 0.015625 0.09259258955717087
0 0.6432291865348816 0.9178240895271301 0.01822916604578495 0.09490741044282913
0 0.6705729365348816 0.9155092835426331 0.01822916604578495 0.0902777761220932
0 0.697265625 0.9236111044883728 0.01692708395421505 0.07407407462596893
0 0.724609375 0.9166666865348816 0.01953125 0.0972222238779068
0 0.7513020634651184 0.9212962985038757 0.01822916604578495 0.09259258955717087
0 0.7779948115348816 0.9155092835426331 0.01953125 0.0902777761220932
0 0.9186198115348816 0.9236111044883728 0.01953125 0.07870370149612427
0 0.9505208134651184 0.9189814925193787 0.02083333395421505 0.0833333358168602
0 0.9765625 0.9189814925193787 0.02083333395421505 0.0833333358168602
0 0.9752604365348816 0.7893518805503845 0.046875 0.0555555559694767
0 0.9921875 0.7083333134651184 0.013020833022892475 0.07870370149612427
0 0.9928385615348816 0.6226851940155029 0.01171875 0.0833333358168602
